20150601
20150602
20150603
20150604
20150605
20150608
20150609
20150610
20150611
20150612
20150615
20150616
20150617
20150618
20150622
20150623
20150624
20150625
20150626
20150629
20150630
20150701
20150702
20150703
20150706
20150707
20150708
20150709
20150713
20150714
20150715
20150716
20150717
20150720
20150721
20150722
20150723
20150724
20150727
20150728
20150729
20150730
20150731
20150803
20150804
20150805
20150806
20150807
20150810
20150811
20150812
20150813
20150814
20150817
20150818
20150819
20150820
20150821
20150824
20150825
20150826
20150827
20150828
20150831
20150901
20150902
20150903
20150904
20150907
20150908
20150909
20150910
20150911
20150914
20150915
20150916
20150917
20150918
20150921
20150922
20150923
20150924
20150925
20150930
20151001
20151002
20151005
20151006
20151007
20151008
20151012
20151013
20151014
20151015
20151016
20151019
20151020
20151021
20151022
20151023
20151026
20151027
20151028
20151029
20151030
20151102
20151103
20151104
20151105
20151106
20151109
20151110
20151111
20151112
20151113
20151116
20151117
20151118
20151119
20151120
20151123
20151124
20151125
20151126
20151127
20151130
20151201
20151202
20151203
20151204
20151207
20151208
20151209
20151210
20151211
20151214
20151215
20151216
20151217
20151218
20151221
20151222
20151223
20151224
20151225
20151228
20151229
20151230
20151231
20160104
20160105
20160106
20160107
20160108
20160111
20160112
20160113
20160114
20160115
20160118
20160119
20160120
20160121
20160122
20160125
20160126
20160127
20160128
20160129
20160201
20160202
20160203
20160215
20160216
20160217
20160218
20160219
20160222
20160223
20160224
20160225
20160226
20160301
20160302
20160303
20160304
20160307
20160308
20160309
20160310
20160311
20160314
20160315
20160316
20160317
20160318
20160321
20160322
20160323
20160324
20160325
20160328
20160329
20160330
20160331
20160401
20160406
20160407
20160408
20160411
20160412
20160413
20160414
20160415
20160418
20160419
20160420
20160421
20160422
20160425
20160426
20160427
20160428
20160429
20160503
20160504
20160505
20160506
20160509
20160510
20160511
20160512
20160513
20160516
20160517
20160518
20160519
20160520
20160523
20160524
20160525
20160526
20160527
20160530
20160531
20160601
20160602
20160603
20160606
20160607
20160608
20160613
20160614
20160615
20160616
20160617
20160620
20160621
20160622
20160623
20160624
20160627
20160628
20160629
20160630
20160701
20160704
20160705
20160706
20160707
20160711
20160712
20160713
20160714
20160715
20160718
20160719
20160720
20160721
20160722
20160725
20160726
20160727
20160728
20160729
20160801
20160802
20160803
20160804
20160805
20160808
20160809
20160810
20160811
20160812
20160815
20160816
20160817
20160818
20160819
20160822
20160823
20160824
20160825
20160826
20160829
20160830
20160831
20160901
20160902
20160905
20160906
20160907
20160908
20160909
20160912
20160913
20160914
20160919
20160920
20160921
20160922
20160923
20160926
20160929
20160930
20161003
20161004
20161005
20161006
20161007
20161011
20161012
20161013
20161014
20161017
20161018
20161019
20161020
20161021
20161024
20161025
20161026
20161027
20161028
20161031
20161101
20161102
20161103
20161104
20161107
20161108
20161109
20161110
20161111
20161114
20161115
20161116
20161117
20161118
20161121
20161122
20161123
20161124
20161125
20161128
20161129
20161130
20161201
20161202
20161205
20161206
20161207
20161208
20161209
20161212
20161213
20161214
20161215
20161216
20161219
20161220
20161221
20161222
20161223
20161226
20161227
20161228
20161229
20161230
20170103
20170104
20170105
20170106
20170109
20170110
20170111
20170112
20170113
20170116
20170117
20170118
20170119
20170120
20170123
20170124
20170202
20170203
20170206
20170207
20170208
20170209
20170210
20170213
20170214
20170215
20170216
20170217
20170220
20170221
20170222
20170223
20170224
20170301
20170302
20170303
20170306
20170307
20170308
20170309
20170310
20170313
20170314
20170315
20170316
20170317
20170320
20170321
20170322
20170323
20170324
20170327
20170328
20170329
20170330
20170331
20170405
20170406
20170407
20170410
20170411
20170412
20170413
20170414
20170417
20170418
20170419
20170420
20170421
20170424
20170425
20170426
20170427
20170428
20170502
20170503
20170504
20170505
20170508
20170509
20170510
20170511
20170512
20170515
20170516
20170517
20170518
20170519
20170522
20170523
20170524
20170525
20170526
20170531
20170601
20170602
20170605
20170606
20170607
20170608
20170609
20170612
20170613
20170614
20170615
20170616
20170619
20170620
20170621
20170622
20170623
20170626
20170627
20170628
20170629
20170630
20170703
20170704
20170705
20170706
20170707
20170710
20170711
20170712
20170713
20170714
20170717
20170718
20170719
20170720
20170721
20170724
20170725
20170726
20170727
20170728
20170731
20170801
20170802
20170803
20170804
20170807
20170808
20170809
20170810
20170811
20170814
20170815
20170816
20170817
20170818
20170821
20170822
20170823
20170824
20170825
20170828
20170829
20170830
20170831
20170901
20170904
20170905
20170906
20170907
20170908
20170911
20170912
20170913
20170914
20170915
20170918
20170919
20170920
20170921
20170922
20170925
20170926
20170927
20170928
20170929
20171002
20171003
20171005
20171006
20171011
20171012
20171013
20171016
20171017
20171018
20171019
20171020
20171023
20171024
20171025
20171026
20171027
20171030
20171031
20171101
20171102
20171103
20171106
20171107
20171108
20171109
20171110
20171113
20171114
20171115
20171116
