20260923
20260922
20260921
20260918
20260917
20260916
20260915
20260914
20260911
20260910
20260909
20260908
20260907
20260904
20260903
20260902
20260901
20260831
20260828
20260827
20260826
20260825
20260824
20260821
20260820
20260819
20260818
20260817
20260814
20260813
20260812
20260811
20260810
20260807
20260806
20260805
20260804
20260803
20260731
20260730
20260729
20260728
20260727
20260724
20260723
20260722
20260721
20260720
20260717
20260716
20260715
20260714
20260713
20260710
20260709
20260708
20260707
20260706
20260703
20260702
20260701
20260630
20260629
20260626
20260625
20260624
20260623
20260622
20260619
20260618
20260617
20260616
20260615
20260612
20260611
20260610
20260609
20260608
20260605
20260604
20260603
20260602
20260601
20260529
20260528
20260527
20260526
20260525
20260522
20260521
20260520
20260519
20260518
20260515
20260514
20260513
20260512
20260511
20260508
20260507
20260506
20260505
20260504
20260501
20260430
20260429
20260428
20260427
20260424
20260423
20260422
20260421
20260420
20260417
20260416
20260415
20260414
20260413
20260410
20260409
20260408
20260407
20260406
20260403
20260402
20260401
20260331
20260330
20260327
20260326
20260325
20260324
20260323
20260320
20260319
20260318
20260317
20260316
20260313
20260312
20260311
20260310
20260309
20260306
20260305
20260304
20260303
20260302
20260227
20260226
20260225
20260224
20260223
20260220
20260219
20260218
20260217
20260216
20260213
20260212
20260211
20260210
20260209
20260206
20260205
20260204
20260203
20260202
20260130
20260129
20260128
20260127
20260126
20260123
20260122
20260121
20260120
20260119
20260116
20260115
20260114
20260113
20260112
20260109
20260108
20260107
20260106
20260105
20260102
20260101
20251231
20251230
20251229
20251226
20251225
20251224
20251223
20251222
20251219
20251218
20251217
20251216
20251215
20251212
20251211
20251210
20251209
20251208
20251205
20251204
20251203
20251202
20251201
20251128
20251127
20251126
20251125
20251124
20251121
20251120
20251119
20251118
20251117
20251114
20251113
20251112
20251111
20251110
20251107
20251106
20251105
20251104
20251103
20251031
20251030
20251029
20251028
20251027
20251024
20251023
20251022
20251021
20251020
20251017
20251016
20251015
20251014
20251013
20251010
20251009
20251008
20251007
20251006
20251003
20251002
20251001
20250930
20250929
20250926
20250925
20250924
20250923
20250922
20250919
20250918
20250917
20250916
20250915
20250912
20250911
20250910
20250909
20250908
20250905
20250904
20250903
20250902
20250901
20250829
20250828
20250827
20250826
20250825
20250822
20250821
20250820
20250819
20250818
20250815
20250814
20250813
20250812
20250811
20250808
20250807
20250806
20250805
20250804
20250801
20250731
20250730
20250729
20250728
20250725
20250724
20250723
20250722
20250721
20250718
20250717
20250716
20250715
20250714
20250711
20250710
20250709
20250708
20250707
20250704
20250703
20250702
20250701
20250630
20250627
20250626
20250625
20250624
20250623
20250620
20250619
20250618
20250617
20250616
20250613
20250612
20250611
20250610
20250609
20250606
20250605
20250604
20250603
20250602
20250530
20250529
20250528
20250527
20250526
20250523
20250522
20250521
20250520
20250519
20250516
20250515
20250514
20250513
20250512
20250509
20250508
20250507
20250506
20250505
20250502
20250501
20250430
20250429
20250428
20250425
20250424
20250423
20250422
20250421
20250418
20250417
20250416
20250415
20250414
20250411
20250410
20250409
20250408
20250407
20250404
20250403
20250402
20250401
20250331
20250328
20250327
20250326
20250325
20250324
20250321
20250320
20250319
20250318
20250317
20250314
20250313
20250312
20250311
20250310
20250307
20250306
20250305
20250304
20250303
20250228
20250227
20250226
20250225
20250224
20250221
20250220
20250219
20250218
20250217
20250214
20250213
20250212
20250211
20250210
20250207
20250206
20250205
20250204
20250203
20250131
20250130
20250129
20250128
20250127
20250124
20250123
20250122
20250121
20250120
20250117
20250116
20250115
20250114
20250113
20250110
20250109
20250108
20250107
20250106
20250103
20250102
20250101
20241231
20241230
20241227
20241226
20241225
20241224
20241223
20241220
20241219
20241218
20241217
20241216
20241213
20241212
20241211
20241210
20241209
20241206
20241205
20241204
20241203
20241202
20241129
20241128
20241127
20241126
20241125
20241122
20241121
20241120
20241119
20241118
20241115
20241114
20241113
20241112
20241111
20241108
20241107
20241106
20241105
20241104
20241101
20241031
20241030
20241029
20241028
20241025
20241024
20241023
20241022
20241021
20241018
20241017
20241016
20241015
20241014
20241011
20241010
20241009
20241008
20241007
20241004
20241003
20241002
20241001
20240930
20240927
20240926
20240925
20240924
20240923
20240920
20240919
20240918
20240917
20240916
20240913
20240912
20240911
20240910
20240909
20240906
20240905
20240904
20240903
20240902
20240830
20240829
20240828
20240827
20240826
20240823
20240822
20240821
20240820
20240819
20240816
20240815
20240814
20240813
20240812
20240809
20240808
20240807
20240806
20240805
20240802
20240801
20240731
20240730
20240729
20240726
20240725
20240724
20240723
20240722
20240719
20240718
20240717
20240716
20240715
20240712
20240711
20240710
20240709
20240708
20240705
20240704
20240703
20240702
20240701
20240628
20240627
20240626
20240625
20240624
20240621
20240620
20240619
20240618
20240617
20240614
20240613
20240612
20240611
20240610
20240607
20240606
20240605
20240604
20240603
20240531
20240530
20240529
20240528
20240527
20240524
20240523
20240522
20240521
20240520
20240517
20240516
20240515
20240514
20240513
20240510
20240509
20240508
20240507
20240506
20240503
20240502
20240501
20240430
20240429
20240426
20240425
20240424
20240423
20240422
20240419
20240418
20240417
20240416
20240415
20240412
20240411
20240410
20240409
20240408
20240405
20240404
20240403
20240402
20240401
20240329
20240328
20240327
20240326
20240325
20240322
20240321
20240320
20240319
20240318
20240315
20240314
20240313
20240312
20240311
20240308
20240307
20240306
20240305
20240304
20240301
20240229
20240228
20240227
20240226
20240223
20240222
20240221
20240220
20240219
20240216
20240215
20240214
20240213
20240212
20240209
20240208
20240207
20240206
20240205
20240202
20240201
20240131
20240130
20240129
20240126
20240125
20240124
20240123
20240122
20240119
20240118
20240117
20240116
20240115
20240112
20240111
20240110
20240109
20240108
20240105
20240104
20240103
20240102
20240101
20231229
20231228
20231227
20231226
20231225
20231222
20231221
20231220
20231219
20231218
20231215
20231214
20231213
20231212
20231211
20231208
20231207
20231206
20231205
20231204
20231201
20231130
20231129
20231128
20231127
20231124
20231123
20231122
20231121
20231120
20231117
20231116
20231115
20231114
20231113
20231110
20231109
20231108
20231107
20231106
20231103
20231102
20231101
20231031
20231030
20231027
20231026
20231025
20231024
20231023
20231020
20231019
20231018
20231017
20231016
20231013
20231012
20231011
20231010
20231009
20231006
20231005
20231004
20231003
20231002
20230929
20230928
20230927
20230926
20230925
20230922
20230921
20230920
20230919
20230918
20230915
20230914
20230913
20230912
20230911
20230908
20230907
20230906
20230905
20230904
20230901
20230831
20230830
20230829
20230828
20230825
20230824
20230823
20230822
20230821
20230818
20230817
20230816
20230815
20230814
20230811
20230810
20230809
20230808
20230807
20230804
20230803
20230802
20230801
20230731
20230728
20230727
20230726
20230725
20230724
20230721
20230720
20230719
20230718
20230717
20230714
20230713
20230712
20230711
20230710
20230707
20230706
20230705
20230704
20230703
20230630
20230629
20230628
20230627
20230626
20230623
20230622
20230621
20230620
20230619
20230616
20230615
20230614
20230613
20230612
20230609
20230608
20230607
20230606
20230605
20230602
20230601
20230531
20230530
20230529
20230526
20230525
20230524
20230523
20230522
20230519
20230518
20230517
20230516
20230515
20230512
20230511
20230510
20230509
20230508
20230505
20230504
20230503
20230502
20230501
20230428
20230427
20230426
20230425
20230424
20230421
20230420
20230419
20230418
20230417
20230414
20230413
20230412
20230411
20230410
20230407
20230406
20230405
20230404
20230403
20230331
20230330
20230329
20230328
20230327
20230324
20230323
20230322
20230321
20230320
20230317
20230316
20230315
20230314
20230313
20230310
20230309
20230308
20230307
20230306
20230303
20230302
20230301
20230228
20230227
20230224
20230223
20230222
20230221
20230220
20230217
20230216
20230215
20230214
20230213
20230210
20230209
20230208
20230207
20230206
20230203
20230202
20230201
20230131
20230130
20230127
20230126
20230125
20230124
20230123
20230120
20230119
20230118
20230117
20230116
20230113
20230112
20230111
20230110
20230109
20230106
20230105
20230104
20230103
20230102
20221230
20221229
20221228
20221227
20221226
20221223
20221222
20221221
20221220
20221219
20221216
20221215
20221214
20221213
20221212
20221209
20221208
20221207
20221206
20221205
20221202
20221201
20221130
20221129
20221128
20221125
20221124
20221123
20221122
20221121
20221118
20221117
20221116
20221115
20221114
20221111
20221110
20221109
20221108
20221107
20221104
20221103
20221102
20221101
20221031
20221028
20221027
20221026
20221025
20221024
20221021
20221020
20221019
20221018
20221017
20221014
20221013
20221012
20221011
20221010
20221007
20221006
20221005
20221004
20221003
20220930
20220929
20220928
20220927
20220926
20220923
20220922
20220921
20220920
20220919
20220916
20220915
20220914
20220913
20220912
20220909
20220908
20220718
20220715
20220714
20220713
20220712
20220711
20220708
20220707
20220706
20220705
20220704
20220701
20220630
20220629
20220628
20220627
20220624
20220623
20220622
20220621
20220620
20220617
20220616
20220615
20220614
20220613
20220610
20220609
20220608
20220607
20220606
20220603
20220602
20220601
20220531
20220530
20220527
20220526
20220525
20220524
20220523
20220520
20220519
20220518
20220517
20220516
20220513
20220512
20220511
20220510
20220509
20220506
20220505
20220504
20220503
20220502
20220429
20220428
20220427
20220426
20220425
20220422
20220421
20220420
20220419
20220418
20220415
20220414
20220413
20220412
20220411
20220408
20220407
20220406
20220405
20220404
20220401
20220331
20220330
20220329
20220328
20220325
20220324
20220323
20220322
20220321
20220318
20220317
20220316
20220315
20220314
20220311
20220310
20220309
20220308
20220307
20220304
20220303
20220302
20220301
20220228
20220225
20220224
20220223
20220222
20220221
20220218
20220217
20220216
20220215
20220214
20220211
20220210
20220209
20220208
20220207
20220204
20220203
20220202
20220201
20220131
20220128
20220127
20220126
20220125
20220124
20220121
20220120
20220119
20220118
20220117
20220114
20220113
20220112
20220111
20220110
20220107
20220106
20220105
20220104
20220103
20211231
20211230
20211229
20211228
20211227
20211224
20211223
20211222
20211221
20211220
20211217
20211216
20211215
20211214
20211213
20211210
20211209
20211208
20211207
20211206
20211203
20211202
20211201
20211130
20211129
20211126
20211125
20211124
20211123
20211122
20211119
20211118
20211117
20211116
20211115
20211112
20211111
20211110
20211109
20211108
20211105
20211104
20211103
20211102
20211101
20211029
20211028
20211027
20211026
20211025
20211022
20211021
20211020
20211019
20211018
20211015
20211014
20211013
20211012
20211011
20211008
20211007
20211006
20211005
20211004
20211001
20210930
20210929
20210928
20210927
20210924
20210923
20210922
20210921
20210920
20210917
20210916
20210915
20210914
20210913
20210910
20210909
20210908
20210907
20210906
20210903
20210902
20210901
20210831
20210830
20210827
20210826
20210825
20210824
20210823
20210820
20210819
20210818
20210817
20210816
20210813
20210812
20210811
20210810
20210809
20210806
20210805
20210804
20210803
20210802
20210730
20210729
20210728
20210727
20210726
20210723
20210722
20210721
20210720
20210719
20210716
20210715
20210714
20210713
20210712
20210709
20210708
20210707
20210706
20210705
20210702
20210701
20210630
20210629
20210628
20210625
20210624
20210623
20210622
20210621
20210618
20210617
20210616
20210615
20210614
20210611
20210610
20210609
20210608
20210607
20210604
20210603
20210602
20210601
20210531
20210528
20210527
20210526
20210525
20210524
20210521
20210520
20210519
20210518
20210517
20210514
20210513
20210512
20210511
20210510
20210507
20210506
20210505
20210504
20210503
20210430
20210429
20210428
20210427
20210426
20210423
20210422
20210421
20210420
20210419
20210416
20210415
20210414
20210413
20210412
20210409
20210408
20210407
20210406
20210405
20210402
20210401
20210331
20210330
20210329
20210326
20210325
20210324
20210323
20210322
20210319
20210318
20210317
20210316
20210315
20210312
20210311
20210310
20210309
20210308
20210305
20210304
20210303
20210302
20210301
20210226
20210225
20210224
20210223
20210222
20210219
20210218
20210217
20210216
20210215
20210212
20210211
20210210
20210209
20210208
20210205
20210204
20210203
20210202
20210201
20210129
20210128
20210127
20210126
20210125
20210122
20210121
20210119
20210118
20210115
20210114
20210113
20210112
20210111
20210108
20210107
20210106
20210105
20210104
20210101
20201231
20201230
20201229
20201228
20201225
20201224
20201223
20201222
20201221
20201218
20201217
20201216
20201215
20201214
20201211
20201210
20201209
20201208
20201207
20201204
20201203
20201202
20201201
20201130
20201127
20201126
20201125
20201124
20201123
20201120
20201119
20201118
20201117
20201116
20201113
20201112
20201111
20201110
20201109
20201106
20201105
20201104
20201103
20201102
20201030
20201029
20201028
20201027
20201026
20201023
20201022
20201021
20201020
20201019
20201016
20201015
20201014
20201013
20201012
20201009
20201008
20201007
20201006
20201005
20201002
20201001
20200930
20200929
20200928
20200925
20200924
20200923
20200922
20200921
20200918
20200917
20200916
20200915
20200914
20200911
20200910
20200909
20200908
20200907
20200904
20200903
20200902
20200901
20200831
20200828
20200827
20200826
20200825
20200824
20200821
20200820
20200819
20200818
20200817
20200814
20200813
20200812
20200811
20200810
20200807
20200806
20200805
20200804
20200803
20200731
20200730
20200729
20200728
20200727
20200724
20200723
20200722
20200721
20200720
20200717
20200716
20200715
20200714
20200713
20200710
20200709
20200708
20200707
20200706
20200703
20200702
20200701
20200630
20200629
20200626
20200625
20200624
20200623
20200622
20200619
20200618
20200617
20200616
20200615
20200612
20200611
20200610
20200609
20200608
20200605
20200604
20200603
20200602
20200601
20200529
20200528
20200527
20200526
20200525
20200522
20200521
20200520
20200519
20200518
20200515
20200514
20200513
20200512
20200511
20200508
20200507
20200506
20200505
20200504
20200501
20200430
20200429
20200428
20200427
20200424
20200423
20200422
20200421
20200420
20200417
20200416
20200415
20200414
20200413
20200410
20200409
20200408
20200407
20200406
20200403
20200402
20200401
20200331
20200330
20200327
20200326
20200325
20200324
20200323
20200320
20200319
20200318
20200317
20200316
20200313
20200312
20200311
20200310
20200309
20200306
20200305
20200304
20200303
20200302
20200228
20200227
20200226
20200225
20200224
20200221
20200220
20200219
20200218
20200217
20200214
20200213
20200212
20200211
20200210
20200207
20200206
20200205
20200204
20200203
20200131
20200130
20200129
20200128
20200127
20200124
20200123
20200122
20200121
20200120
20200117
20200116
20200115
20200114
20200113
20200110
20200109
20200108
20200107
20200106
20200103
20200102
20200101
20191231
20191230
20191227
20191226
20191225
20191224
20191223
20191220
20191219
20191218
20191217
20191216
20191213
20191212
20191211
20191210
20191209
20191206
20191205
20191204
20191203
20191202
20191129
20191128
20191127
20191126
20191125
20191122
20191121
20191120
20191119
20191118
20191115
20191114
20191113
20191112
20191111
20191108
20191107
20191106
20191105
20191104
20191101
20191031
20191030
20191029
20191028
20191025
20191024
20191023
20191022
20191021
20191018
20191017
20191016
20191015
20191014
20191011
20191010
20191009
20191008
20191007
20191004
20191003
20191002
20191001
20190930
20190927
20190926
20190925
20190924
20190923
20190920
20190919
20190918
20190917
20190916
20190913
20190912
20190911
20190910
20190909
20190906
20190905
20190904
20190903
20190902
20190830
20190829
20190828
20190827
20190826
20190823
20190822
20190821
20190820
20190819
20190816
20190815
20190814
20190813
20190812
20190809
20190808
20190807
20190806
20190805
20190802
20190801
20190731
20190730
20190729
20190726
20190725
20190724
20190723
20190722
20190719
20190718
20190717
20190716
20190715
20190712
20190711
20190710
20190709
20190708
20190705
20190704
20190703
20190702
20190701
20190628
20190627
20190626
20190625
20190624
20190621
20190620
20190619
20190618
20190617
20190614
20190613
20190612
20190611
20190610
20190607
20190606
20190605
20190604
20190603
20190531
20190530
20190529
20190528
20190527
20190524
20190523
20190522
20190521
20190520
20190517
20190516
20190515
20190514
20190513
20190510
20190509
20190508
20190507
20190506
20190503
20190502
20190501
20190430
20190429
20190426
20190425
20190424
20190423
20190422
20190419
20190418
20190417
20190416
20190415
20190412
20190411
20190410
20190409
20190408
20190405
20190404
20190403
20190402
20190401
20190329
20190328
20190327
20190326
20190325
20190322
20190321
20190320
20190319
20190318
20190315
20190314
20190313
20190312
20190311
20190308
20190307
20190306
20190305
20190304
20190301
20190228
20190227
20190226
20190225
20190222
20190221
20190220
20190219
20190218
20190215
20190214
20190213
20190212
20190211
20190208
20190207
20190206
20190205
20190204
20190201
20190131
20190130
20190129
20190128
20190122
20190121
20190118
20190117
20190116
20190115
20190114
20190111
20190110
20190109
20190108
20190107
20190104
20190103
20190102
20190101
20181231
20181228
20181227
20181226
20181225
20181224
20181221
20181220
20181219
20181218
20181217
20181214
20181213
20181212
20181211
20181210
20181207
20181206
20181205
20181204
20181203
20181130
20181129
20181128
20181127
20181126
20181123
20181122
20181121
20181120
20181119
20181116
20181115
20181114
20181113
20181112
20181109
20181108
20181107
20181106
20181105
20181102
20181101
20181031
20181030
20181029
20181026
20181025
20181024
20181023
20181022
20181019
20181018
20181017
20181016
20181015
20181012
20181011
20181010
20181009
20181008
20181005
20181004
20181003
20181002
20181001
20180928
20180927
20180926
20180925
20180924
20180921
20180920
20180919
20180918
20180917
20180914
20180913
20180912
20180911
20180910
20180907
20180906
20180905
20180904
20180903
20180831
20180830
20180829
20180828
20180827
20180824
20180823
20180822
20180821
20180820
20180817
20180816
20180815
20180814
20180813
20180810
20180809
20180808
20180807
20180806
20180803
20180802
20180801
20180731
20180730
20180727
20180726
20180725
20180724
20180723
20180720
20180719
20180718
20180717
20180716
20180713
20180712
20180711
20180710
20180709
20180706
20180705
20180704
20180703
20180702
20180629
20180628
20180627
20180626
20180625
20180622
20180621
20180620
20180619
20180618
20180615
20180614
20180613
20180612
20180611
20180608
20180607
20180606
20180605
20180604
20180601
20180531
20180530
20180529
20180528
20180525
20180524
20180523
20180522
20180521
20180518
20180517
20180516
20180515
20180514
20180511
20180510
20180509
20180508
20180507
20180504
20180503
20180502
20180501
20180430
20180427
20180426
20180425
20180424
20180423
20180420
20180419
20180418
20180417
20180416
20180413
20180412
20180411
20180410
20180409
20180406
20180405
20180404
20180403
20180402
20180330
20180329
20180328
20180327
20180326
20180323
20180322
20180321
20180320
20180319
20180316
20180315
20180314
20180313
20180312
20180309
20180308
20180307
20180306
20180305
20180302
20180301
20180228
20180227
20180226
20180223
20180222
20180221
20180220
20180219
20180216
20180215
20180214
20180213
20180212
20180209
20180208
20180207
20180206
20180205
20180202
20180201
20180131
20180130
20180129
20180126
20180125
20180124
20180123
20180122
20180119
20180118
20180117
20180116
20180115
20180112
20180111
20180110
20180109
20180108
20180105
20180104
20180103
20180102
20180101
20220907
20220906
20220905
20220902
20220901
20220831
20220830
20220829
20220826
20220825
20220824
20220823
20220822
20220819
20220818
20220817
20220816
20220815
20220812
20220811
20220810
20220809
20220808
20220805
20220804
20220803
20220802
20220801
20220729
20220728
20220727
20220726
20220725
20220722
20220721
20220720
20220719
20210120
20190125
20190124
20190123
